11850
12335
32097
18200
6211
4930
10866
4428
18606
19239
17551
9679
27100
13757
23472
6149
14250
32059
6076
15500
3925
14522
26364
28119
12688
30196
28880
1049
27348
4171
8352
1125
5624
30989
23830
19219
11521
21750
16266
13669
23611
4854
24510
3691
19337
24629
1996
17187
4601
7509
25692
8677
1947
14583
1306
10494
27028
4992
16744
10396
1134
20509
21839
15338
22706
14084
19132
23931
28089
3325
745
6892
18111
1057
29721
11205
11833
10722
28552
28577
19304
30284
930
6031
13871
24715
20083
32439
32034
7340
21599
30273
20959
26280
12051
2162
20385
32414
10427
30488
4114
14944
6005
31017
609
20529
3334
31655
14485
16077
11981
27078
7969
30378
18933
16465
21176
10366
30702
28746
2146
23809
26397
21713
15312
14836
7122
16454
6124
6242
15739
25778
19893
20518
17432
7011
19786
23725
6639
20439
5444
16125
1409
4572
3145
16630
28604
4852
6367
32216
23154
4862
27517
21510
6922
19
12008
9226
11638
19887
4797
216
13157
18193
25673
13655
29625
24804
10657
17181
28219
19998
29423
15994
22413
23593
22027
11193
4449
23105
18507
16802
29417
4125
19099
13636
30094
2001
7120
29425
6629
12019
25913
26761
6367
4860
5495
17660
13632
15602
23951
20746
16722
28740
1086
17741
11482
20726
909
16762
12107
13565
9380
18660
25146
9453
3555
26689
24594
20433
30511
26801
15113
30298
30858
13308
24658
4413
9959
19995
15252
14038
29500
2043
11932
1041
32728
20349
12623
3210
24567
16577
11746
5619
30100
23716
27981
8887
24958
2183
10236
4060
14766
15187
3784
18990
31192
31673
24615
24218
25152
5055
23967
27096
14543
7544
13697
11085
8294
19730
13523
16175
31346
7191
21902
17386
1729
14828
32010
28354
13716
26014
32438
21434
24565
5341
14092
25781
23114
3145
21188
27612
5419
19693
5704
1343
16497
31497
14697
23487
9359
8725
11088
11563
9766
31234
21175
22953
10195
4547
7769
600
15948
780
31142
31539
27307
4954
31164
5177
20233
26163
22163
32203
4431
9391
1143
19541
24649
15927
444
24368
20220
9869
11437
11975
31290
13580
13765
17913
11379
2354
546
27327
29646
6235
4662
14863
24184
18639
16576
15104
20796
15871
28154
11566
11349
14860
27412
5728
12928
14473
14818
21352
26197
9858
29906
12363
20950
23485
29472
19362
27721
14655
32077
18752
4675
4370
9677
6165
17414
15174
6656
20306
7692
31798
32611
26318
16356
8205
12552
20137
5437
28552
28995
10799
13633
25085
25511
12799
19492
12444
25392
364
17148
12021
2242
21283
6611
3258
30162
28942
10234
25798
14179
23417
13985
15711
21813
27508
10661
23992
24889
29816
10921
7354
6983
10573
2664
3332
32019
18474
19529
10801
16990
21023
4149
27481
16745
20912
20133
24282
10159
29891
6911
13144
28371
32188
24610
20994
7640
20454
19263
28183
10896
6933
22764
11689
3927
27273
14451
20386
26881
6934
31088
29444
12560
31874
14235
25461
26666
8751
14562
3834
17611
9977
12731
2307
14904
26722
9144
16040
27572
31981
2651
16434
24565
27079
18989
17373
2265
23468
5642
17884
29526
26377
16063
27038
13231
4958
8407
80
25070
13799
9393
22691
14990
24443
1238
15311
14200
25012
20106
15320
13617
12112
20641
14095
30801
7127
27796
13533
10039
15998
32212
32700
3067
31820
19294
8326
12964
32123
14224
7922
14235
4641
8763
11099
23136
18960
12537
5572
10364
17402
29121
13850
21687
30681
3000
10680
3722
141
29258
2609
28119
10439
20090
329
18136
16167
4726
24132
31318
30113
27503
4196
5659
20517
1447
10925
22953
26239
22220
21739
29484
32124
25220
19958
2222
15182
11593
25397
24970
31537
20855
353
17443
1103
27299
17035
23509
10209
19247
7521
15148
2712
12315
6573
20052
7483
26398
11806
20945
2193
6902
11083
8560
4225
14844
22517
29566
12920
11003
8844
21559
779
17474
3061
30081
3806
14584
12171
9947
17092
28848
3172
2448
7975
32061
29653
21808
15019
8904
16696
16448
22542
9760
16108
24881
4947
21840
23710
7055
27167
32375
6855
28027
9059
18644
20342
12635
23099
9249
10320
10192
12310
16930
3541
24041
27160
20093
19429
17302
32188
22732
9090
1631
20670
9457
10711
1109
12344
21929
6265
27465
17163
9573
29422
22589
31616
8533
9580
2840
19503
6853
226
670
9248
17068
14397
5278
30257
9090
17124
22125
20407
27987
18564
27028
17000
18450
31251
198
9593
8239
31759
12565
29187
8555
17927
25445
16043
21484
7005
31264
7810
3980
330
32555
26410
14711
22050
28185
8763
32757
28122
28319
11748
2180
22471
4936
20694
17450
12712
28778
17757
24073
11239
8025
32720
30772
8988
474
13356
10945
29395
23003
24316
31008
25999
2401
21884
12715
26127
3777
8445
27517
21967
4371
10635
5768
11474
4324
29646
20962
18079
4395
30254
31840
138
19582
18746
13158
3380
19078
14155
13309
8533
27057
28516
21030
23993
12582
24413
31343
6793
32510
31041
29123
30668
26289
26612
18310
22317
21454
30489
11746
8959
17648
12850
11355
1662
13037
32521
24746
31576
30800
14160
16840
20588
19722
1412
6473
3537
10852
2327
9963
23066
11064
1485
8815
17624
15457
8807
4007
6753
12656
31359
6353
9424
4512
1971
25379
32333
12557
9733
4519
22671
27168
14210
27209
23966
2894
11042
20783
3550
19714
27376
3656
16201
25559
30058
4392
8700
779
9771
10003
28149
25393
29127
22359
7707
8485
6391
23007
23678
2373
5878
23558
993
8926
20266
1961
23158
4069
15879
128
27112
5352
12593
19374
6302
23875
19168
21910
26687
20375
21641
2545
32113
1656
9403
12829
21735
16742
7239
3512
18842
25087
32419
22894
20566
18802
10640
14351
3193
10807
28667
12773
8696
8702
7201
15940
26786
12261
23799
2914
25769
23277
8905
30825
10334
7343
12065
30155
828
25675
23530
16342
8744
17826
24021
10120
1271
10437
1532
23972
27953
3500
18118
29701
10772
14380
10
2355
26076
22563
22135
21044
22594
502
6707
30373
579
2877
194
29449
22306
8124
13866
30048
30384
8854
2388
26620
23755
12221
14262
7824
10789
20909
7215
22922
27207
16218
17714
5026
31445
13926
13863
19891
30739
17816
22542
19658
21160
7050
23910
32381
29346
11681
7501
30591
3003
19266
10728
16497
1754
28995
9733
25850
9437
29088
7679
31001
16022
17264
26594
2234
17939
3863
20176
9608
27939
19132
3492
1795
5397
31486
23764
28882
27587
27618
6044
21338
22992
30224
15449
23183
9773
9280
19507
24330
29410
19695
19966
27997
30475
29782
30818
22435
6688
2716
18234
1371
21626
23115
59
30070
30995
15105
27350
9902
19598
23656
16223
23066
3447
15719
4462
25599
20939
9114
14726
32490
23995
9984
500
21755
22445
9716
6906
13188
32132
13663
6701
7379
16161
24875
2332
11339
25129
20731
18226
186
4873
9497
17118
8422
1848
8111
19952
3689
5308
28219
4423
31423
25328
10045
25513
21150
6276
20530
2034
4997
10949
32710
5745
8088
12831
28742
5519
939
26592
5716
1457
25501
12606
4062
25696
231
23452
32593
27304
3956
28169
9993
2749
19636
13322
22797
28901
3308
26009
3833
2961
13008
4205
15931
24269
17747
9852
15490
9947
6078
21951
18548
3611
14335
3381
2720
31279
5956
21290
8883
13403
8393
20665
5358
28978
13038
13968
11223
31599
11917
24307
8751
1569
4234
20740
10533
27147
18860
2369
7881
21066
18603
11086
2243
7224
27274
245
10053
28305
17702
27243
13374
19412
16
9172
8913
9196
12184
1034
29445
10512
26154
6298
28094
27624
28638
17168
23788
753
27722
15221
5122
16674
15003
7189
23722
16336
27620
23174
7094
16335
12213
20965
16986
9690
28400
16995
24473
5684
2264
27136
26110
29584
26219
6807
31116
17711
22514
28955
23031
18504
28886
4640
15637
12460
21941
3997
11663
23722
12469
23536
16860
48
16408
28194
16240
2868
13073
31597
32304
20306
18646
27131
8234
10423
26103
24817
29059
11837
5102
6572
1200
11479
7927
22090
24297
29232
17954
8557
18651
10895
12710
15163
6046
22014
9080
22442
486
6315
5660
4602
21885
27278
15804
14723
8433
27212
8055
23472
9610
22364
13051
12108
9598
30568
16982
17660
25192
27382
31753
8461
24567
13639
27486
8816
16099
31615
19196
23299
17446
16135
26041
15635
24680
5936
31151
16926
19387
11801
20882
28381
2440
1234
2113
22657
26825
17089
10906
3902
21625
5189
11155
4614
2121
23706
24198
12183
32149
16125
27597
30903
9366
17168
29583
10174
15833
6271
21209
8534
26608
15844
16113
29311
13671
3816
10983
28630
24314
32171
11116
23062
26116
31591
19687
11231
15163
21584
4038
29878
15771
702
32530
25934
9632
15757
5447
28933
12472
17860
25442
10418
8440
14198
11835
12958
25870
25062
30229
976
31863
27374
7284
16014
27634
16802
7215
23072
22068
9264
1989
30679
3293
15627
16884
2382
11691
6984
9352
11248
8173
2632
2418
23994
1595
3223
27161
28482
30821
32276
2293
22265
6569
8530
22873
18861
24361
7231
6544
15442
6812
10243
21292
13057
7491
30763
13723
321
1822
7431
32507
24454
5729
25936
26415
31223
2850
782
16691
23668
29524
30649
18092
24536
29432
2975
16836
31867
23698
21637
2356
9724
11738
3985
674
5181
17589
21096
7982
7598
24675
22419
1608
1743
17146
27175
25284
27376
1811
13477
1584
8763
32195
30495
22117
18677
10445
26780
14684
19457
9493
18366
29507
7846
6488
24226
10960
32146
32027
32264
2006
25374
19425
13236
8214
4307
30881
16404
9815
21037
13687
3874
4025
23712
25498
14476
9030
28889
16270
19218
10186
8518
7579
26416
9188
25048
19069
27902
25694
17672
25693
16724
15546
2584
16384
28209
13837
24731
11839
8798
8209
1335
13751
21582
14453
7082
5313
3145
23671
27147
8101
6602
30901
22866
20234
14373
11072
24347
4785
26220
19443
13479
15459
30356
20227
32548
5928
6100
13782
19758
32442
24654
537
3477
2873
6641
24333
25441
9504
22174
29985
31507
5496
3977
7110
17710
26188
21475
23935
14838
10076
19126
567
2680
27413
3088
5080
25290
4033
5475
4377
8596
10492
23852
17048
10447
7527
18899
26152
11213
19616
4050
9324
7802
20849
15130
1189
10721
13383
26546
21192
18930
8678
28066
11220
30850
31324
1039
9314
2451
19507
8103
15741
7382
4075
4160
7093
18542
14248
8635
13423
24823
26407
17455
25983
711
26614
32580
11001
16499
11749
13532
26435
6805
32696
30457
29039
9421
6174
29915
24008
31750
21223
17256
13483
29179
14961
1233
2969
4601
2403
13171
13449
25318
29854
5115
30595
2690
20849
4814
2666
13805
27660
4264
15130
27498
8760
25218
32691
10594
5701
2234
24883
30380
3651
24942
29771
18443
21365
23080
21611
24312
9730
25793
21792
1442
6382
13183
23967
19508
27209
129
8866
11094
11174
25693
12914
12278
20175
7
1861
5192
27319
32245
5067
27147
19632
11904
32260
14863
10718
17294
31828
15604
1260
28526
2265
4404
7165
27395
24316
4708
29414
10021
30534
13750
19866
11588
30070
4035
12005
29518
15568
26503
12126
9939
7863
31405
16535
13160
22398
22285
12438
2121
19836
28020
393
24898
18014
16803
27061
5839
1729
23450
4016
14722
4097
24086
22224
31909
28747
26200
20451
13345
22778
6440
8736
27038
28448
282
94
19692
2658
8720
32388
929
22026
26112
23361
7172
2135
18167
4605
10026
9239
23134
18703
15967
30840
8573
28720
30664
21276
17213
9007
3654
6251
4914
9447
16540
13869
2520
1647
11221
9304
4637
20112
9440
26662
20512
13692
21886
19819
17721
18620
8286
18982
30009
2923
4229
16470
28915
26274
22516
4623
27131
32307
8581
15308
13229
15770
14871
26887
21873
12592
21738
14087
4670
32674
28492
6650
2397
6050
6006
6211
21616
26076
6833
20501
18098
10028
24253
31553
12672
11022
27250
25932
21017
6742
25000
1989
19618
5665
30805
16597
22637
17163
8437
22552
378
5282
31279
17835
9022
27931
16309
28551
164
25924
17004
20749
7506
20666
11213
16609
15405
21084
4235
18684
10015
5375
5749
17661
9240
31844
12703
15040
15186
25191
15548
8498
13018
13432
28879
2404
25420
1359
3
24030
18909
26332
22486
11317
31647
8317
20093
11488
24065
5492
16260
32071
18581
28568
23478
16413
29719
25162
12348
6128
23210
6571
10505
12286
28004
10765
4725
18251
17165
5031
24103
29168
9252
11916
12089
1206
6179
4830
29079
24291
22533
20798
168
1620
18948
3976
8497
18892
27303
23997
21110
23948
18172
22337
15010
9764
27682
25671
12904
9608
28683
12169
13291
15974
30592
9276
12507
16823
23910
2115
5089
31381
24383
1699
28990
11340
29428
15927
10927
14003
10705
10405
2707
21693
17617
28048
6735
10571
24092
30223
14322
3652
19406
21598
12053
23016
8186
21460
22790
3681
27119
17685
2085
10139
7353
23177
17037
31574
16107
10509
4087
24442
18332
8424
24284
2730
19632
4864
17626
25371
26201
5710
7769
12199
27612
24975
20846
24349
28057
27964
14336
23004
4166
29117
29993
4512
11643
5594
14814
17307
23923
24946
15571
8392
19985
18543
27033
20604
2849
25081
2825
318
7137
8170
29926
31704
6591
6786
28862
27822
9317
17501
29201
22351
22259
6817
21942
26698
8843
9596
12409
6467
12819
23758
28937
23365
15158
17698
22802
15194
24748
22755
4518
13657
2492
4557
24289
10496
21247
9889
14029
9538
31846
20765
16259
32226
30846
12331
30867
24385
243
6745
5030
21621
21588
29833
16482
29594
277
24809
28558
9325
25050
23078
20855
13591
12019
3805
5010
12614
18722
4435
8546
12162
8613
12133
27804
2239
25456
1730
138
11822
16827
10583
25773
4441
4028
26123
4774
21103
1462
2477
855
10460
22322
11306
5957
14877
32396
24068
24128
21203
25010
18943
583
13846
13353
7966
22950
30475
14929
22221
25697
4281
20969
11104
14549
12312
25557
21180
9117
25707
8991
20820
32435
10704
15677
31064
983
534
24466
27176
7733
4046
13879
9231
32578
26533
18426
1070
31463
3057
21415
15542
28385
18057
4743
7515
14696
21722
1063
16389
782
6711
10074
28104
24555
19569
17537
20502
3063
20136
11530
16947
18103
11872
5175
22250
4636
30423
25889
26239
22696
20119
14844
14564
16082
4935
22684
8239
9132
26566
22584
5964
5315
26747
21615
14575
14662
31206
20872
8909
30827
25979
13822
6412
24335
14513
32060
32248
2205
6742
1957
29175
3888
2597
11223
12223
18172
16026
27953
30918
18666
5381
31635
9722
4226
18398
24676
12467
12558
24408
31962
18406
26108
4152
15733
17819
645
31976
9933
6305
1164
3271
8078
30336
20169
19908
7105
27055
20006
5163
3405
4103
3689
19646
15805
7544
532
13576
30019
30459
393
28142
4861
31175
17778
7303
31352
17096
24672
3374
31347
2637
31666
3285
4325
26625
23481
27804
12353
4892
28442
25506
27128
29402
28019
17178
8767
4909
18753
12450
12564
20910
30977
23249
5243
22234
23445
23567
6158
12155
15338
16298
5556
6756
14296
23846
13233
24161
3657
32212
17375
15470
6302
166
10298
21031
29518
28737
24738
128
6608
16212
9693
10934
31164
7976
13788
24966
16685
9337
13631
20124
27753
11909
18971
29774
22212
17506
21498
5514
21185
23700
25891
23053
3451
17119
24860
726
16707
4186
25710
17115
31627
27077
22952
4090
31235
30748
24486
50
25345
20332
25875
1811
23846
14310
7469
10099
19007
3378
12744
28003
10601
10246
22166
17506
25721
1526
8613
32208
3226
9102
19753
7077
19000
15518
18044
13154
1053
26325
11875
32072
474
14993
11923
25544
3433
32246
18548
10044
22544
1598
292
27092
9864
17231
3775
14291
2143
10643
27358
24571
7835
28164
28253
12357
13728
18566
23138
27350
13908
12410
29338
1839
12928
18320
3270
5028
4218
26332
14711
19215
6657
557
27157
12997
29288
21914
14374
21705
14327
4445
12749
27200
21646
30693
20369
2597
16779
8742
30560
12350
17134
24116
12500
12367
23995
23568
28341
27021
3488
7361
4542
20053
32216
22439
2212
5150
18767
18957
12628
8109
1543
9469
24444
392
8122
3416
11342
5804
17857
25126
29569
8578
28724
15658
8600
28432
16467
25017
14182
23660
16420
3533
9938
20599
17758
24918
27864
32199
31622
20432
3280
229
22872
20506
20723
11961
1384
16006
29723
10050
28169
9517
6346
139
6254
24197
12654
7642
27407
17973
15843
1834
30542
27687
570
21723
1627
32223
6841
937
27989
23052
4386
17627
27826
605
22329
7868
7904
24470
19072
29007
14892
3043
9541
13119
10724
5996
222
31509
17080
31529
19764
10413
5734
11768
24958
17131
10903
4077
2639
23978
5891
8169
14547
7157
20188
12142
14165
8826
6506
2225
1797
3643
32243
15089
19193
17287
9949
264
25713
10537
22
30272
9311
9183
5300
3431
13863
26126
28633
32294
10147
26547
1242
7310
12906
6813
25248
20212
10834
11994
13902
5631
13619
31599
24867
23295
12270
24396
9635
30848
25774
11902
12273
12576
30318
32679
32128
2205
9660
28075
26602
13106
21180
8621
22304
3876
24687
14650
24260
23704
23861
23747
19155
10151
5265
6737
24455
6324
28205
22644
20604
7933
15902
30076
13073
10609
27240
26348
28689
25026
2501
27948
30867
7610
24482
12158
16926
31442
22891
21555
19985
22529
28936
26911
16450
8658
6312
12362
18662
9401
5053
9448
26033
22951
24903
19596
15934
24796
6998
10392
8112
7933
28618
23544
23450
12390
5726
22800
3612
9921
26597
11250
3919
17623
31443
13525
5091
11431
26878
26307
16647
13237
8870
24209
14217
20901
29363
26132
23103
23816
6207
14226
21413
2678
6484
5495
7879
25053
13047
2633
5986
7704
2661
25822
21830
10948
924
17613
22270
13391
24861
19234
16307
32337
4337
17238
11342
29728
19178
22654
25565
10143
25643
10946
26424
12886
31722
22801
9188
11464
25973
21267
20023
12288
29555
1887
9917
5486
2157
16879
11995
26865
4237
20176
4274
16693
18597
13598
15942
29247
30322
7728
3040
20038
30243
15632
18865
26821
16661
18990
8375
4046
20961
26453
14053
28577
2456
32733
24190
5245
31309
31011
21698
16054
15060
18230
21452
15624
10186
14803
31675
16683
13781
5524
22288
25255
14637
19812
32343
17386
18012
28726
7946
3480
4162
7927
27058
13346
26459
7872
11087
15258
15941
23377
5626
28102
22396
28091
31945
13939
105
31580
1779
6667
32155
272
7732
31338
3156
24230
7283
7662
7495
13969
31907
11469
11424
30176
4839
6316
23365
6257
4089
8813
11611
32097
21452
29256
4621
24518
21360
30237
6280
18337
5687
31240
30282
1806
3606
12087
17053
6078
20301
5368
2910
27815
27466
30742
9987
3066
29387
31846
26589
1366
25412
25757
5273
6203
896
3172
18957
7873
29578
18607
10802
4234
29646
8778
31852
12789
10108
7860
8978
17300
22061
2865
2602
17889
28873
32283
29556
9516
23976
633
17323
25048
20471
8659
13575
2247
11870
16452
4870
4115
19679
32464
25452
27647
32258
6136
8328
28717
16175
27276
26810
20753
1115
9921
18226
22949
26343
20867
31226
10590
15300
4620
22839
3679
21724
32182
17324
20462
29101
22029
13439
32036
9015
27945
26176
5096
10009
9275
10023
5150
32247
14437
17053
21275
16670
20943
9214
9052
31595
2295
5790
9336
2409
22088
18186
20308
17593
8175
27024
4758
32439
23018
10753
4956
3674
27745
18613
26157
30044
21562
2256
21552
24731
12776
21444
155
1984
14979
13847
623
12318
16158
6503
18019
22237
15957
24491
19741
18007
13349
17339
6568
6850
7169
8979
25635
31248
22817
5331
25782
787
31006
29195
19147
14309
1212
13110
13434
26503
21254
18180
14916
23240
4769
18013
25349
18536
32090
10658
5156
21630
27137
25398
21005
7959
12410
829
25825
9760
5137
18595
13675
32390
10254
17248
30295
10395
25225
27643
28062
956
20864
21581
29253
9521
9767
21896
29255
5716
2687
24440
5328
15861
29994
19720
19627
30974
28542
25095
28414
9811
472
22060
8757
10748
14899
4440
14652
11142
249
32028
20209
5030
12312
3963
13785
3360
8281
29425
4113
3303
8430
28596
9096
9606
3401
31289
15980
10686
30005
2810
16354
25201
2847
9079
6394
23487
19636
9338
23010
3438
6578
22944
8026
25231
11511
24085
29799
25694
11231
16031
31820
3179
16332
31966
30902
503
28166
22482
55
18081
8646
32157
30965
5698
7309
2698
11172
32277
16570
31055
689
28443
27228
26767
18880
20413
19013
22947
345
20660
30560
19610
6878
2342
10820
23934
12481
7697
22280
18137
3827
30957
6489
28024
8096
20877
9931
22895
4121
3911
15213
16478
16914
17748
13472
1266
23821
20089
20009
20398
5142
19431
13700
9451
29617
2913
26491
7197
19473
6300
3064
7257
2954
32235
17432
16916
7497
30748
7808
21038
8259
8604
9716
24111
2667
22754
15910
32208
3112
26123
17099
16829
18438
9154
7412
17305
12972
12131
17052
30530
12046
25696
21629
8535
15075
9955
20009
5880
16218
16821
31829
10957
23048
23390
11640
27466
12837
18062
20629
5681
11769
12731
30292
25944
7313
31244
26712
6316
10166
9590
19149
24950
8736
18469
31808
4829
1510
22813
10164
15276
14137
14881
15602
3414
24402
30419
17184
13368
29609
32542
14741
1309
15720
24785
31468
9223
29983
17548
22103
2093
18105
12768
21302
320
20911
24242
21225
8690
31099
3552
1250
13241
6736
16680
24830
6096
30216
16965
7189
14720
27998
18266
19152
30109
22877
13972
9914
6995
6424
19723
10650
27171
10140
11498
29441
12584
20003
5840
11295
29599
18058
21110
24026
13990
25093
2705
27938
23620
2066
8186
12670
12202
8619
14348
23019
1720
17600
2637
5095
7363
13284
12625
10441
2710
1607
732
1363
32694
3044
13127
24458
8427
16891
18469
28357
12283
27586
7718
27141
24761
9048
1595
16516
32574
30458
15866
16529
19319
26233
18245
8346
11744
21739
25382
7819
10638
17057
13310
10583
12147
25434
19167
18643
14046
25782
9270
14283
16193
30958
22445
25680
7991
31169
32591
19023
17605
14258
6637
23656
19168
18800
27841
28412
2096
28566
10322
22920
31508
24724
21655
16946
14054
4333
18527
18338
13952
19364
12273
32019
14335
12016
26351
27818
1479
24887
10624
5126
20679
4666
24749
3864
32766
7310
3596
25909
6461
23371
6812
11369
10031
2056
3313
30479
16536
13574
27281
16286
5338
14251
18589
18118
8637
5938
20404
6076
30319
21410
14100
9938
10186
6396
31490
15946
22998
12985
21101
11628
655
21363
10190
28118
18920
1251
6482
13076
11023
21515
17467
6256
15091
3508
24451
24843
14340
7963
27075
32301
18233
28392
28244
20442
600
16991
9652
21414
15218
730
29995
13770
6572
30583
4526
30838
29510
18190
18947
9577
2261
22118
15398
15808
1491
22184
31212
23563
27226
6163
24806
15526
16941
29938
10632
8263
19704
26827
29066
15571
31705
10202
17807
12406
26654
19133
28165
10994
10065
25201
844
16695
8306
2173
3354
7989
18051
16237
12574
3054
23626
14210
13539
29647
9554
19368
22264
27968
10291
19112
17230
27514
26131
24735
9953
5016
11117
13487
9882
26609
24081
3828
15732
15782
27756
6842
17887
12407
16906
6381
12898
2267
25945
5840
14723
18511
8880
31986
30955
20462
26767
2655
21446
21826
14633
4115
4201
6490
21791
180
31031
5660
911
10368
1221
5597
6989
8580
18748
26927
12656
22542
16127
12026
4369
13158
5774
25295
24655
14009
9643
9592
5782
11862
12219
29652
10274
15645
3438
16354
2750
24115
30626
8219
30674
12027
31109
2309
3996
5442
19962
17669
16830
5562
11327
7796
7929
28330
18380
28662
30776
19171
1918
3847
28368
8438
14324
17623
23046
4772
15674
18776
9682
24726
1956
29845
3810
17999
20477
6725
24546
21086
24289
17312
5115
3800
25448
15217
665
3589
7429
8301
30834
12122
23725
29123
25028
12455
8507
18932
27101
24466
21267
15333
13281
32580
25349
1587
4296
13922
20597
4294
22182
6463
23225
26793
15663
9296
25027
11800
25466
15072
14848
10459
25349
32260
30591
30419
5114
4050
29782
2259
26288
5838
5698
25009
30325
5541
6029
19356
14731
27422
22325
30639
29296
3661
29770
15303
18018
23306
14488
25234
7459
673
5766
16873
11770
29899
15934
2912
24058
21725
3598
2843
21382
20288
25102
18659
25365
25377
1796
16248
14643
29801
21636
7721
26057
14832
12892
18595
11421
23533
3375
2311
16156
22194
32351
10303
17240
30102
11056
24721
19533
31282
7979
24180
10088
17360
9665
17315
9034
2848
26417
24689
13257
1581
19628
5980
5943
2192
28598
7908
24807
29667
6351
5534
3310
3193
4435
7300
295
1612
19615
27535
8058
24119
11381
5256
19805
21350
25762
26651
5274
5386
16861
12589
16723
30801
22515
14959
8516
19093
23329
21043
18505
5076
10433
16511
32288
23904
17194
25440
14703
20695
17617
25985
19465
17238
3764
17148
9325
234
13816
4208
18576
27719
29904
14420
28124
18109
8866
8843
21112
13415
30565
31288
15306
20646
7758
1491
15930
26317
23467
17789
12857
8990
18959
19344
31362
20470
29359
891
32672
29508
17676
23245
1201
24639
12754
143
14697
4441
27904
11991
11610
24174
6986
12954
2162
25410
28348
9666
11461
10794
30367
3968
9612
28425
9888
24292
1902
3710
22831
29611
9727
30044
20774
10584
17031
9307
32427
6278
6148
7181
2903
636
26738
17683
29080
6914
28489
10384
9043
9331
23880
3294
974
4628
16753
19072
14542
9380
853
27992
5884
13620
21137
30234
11661
8761
12185
20481
13602
4832
29108
20161
26093
1185
28232
18620
30998
22295
9560
8568
22877
18959
5963
22609
18176
8671
10223
28523
29407
26105
12989
16107
21726
28095
13407
2151
16779
12185
11631
24218
769
1605
8834
13661
30988
24687
23909
11731
1165
3714
21414
29411
16928
8893
22102
14827
22525
6025
28430
15282
23324
12298
3632
14751
3997
18164
28271
25385
2150
32672
20882
12175
27150
3423
31348
32713
21754
1294
2128
7358
15045
27882
5947
26039
8933
32422
18930
17172
8844
20411
8406
12606
3021
21504
16949
30684
6144
28282
6091
24906
4455
1141
25993
1606
16402
18131
15765
493
7679
9637
30097
8679
5766
8696
288
26334
21748
29169
21926
26932
26231
11037
15184
30197
13114
26370
12117
30730
4816
5626
15227
432
32726
29761
26332
2601
11988
21836
9194
13233
3173
14684
24497
11700
26264
24916
5724
1854
17813
21703
4347
1459
14212
3670
12419
21440
5034
16953
27158
7313
30933
29467
22661
26437
2811
18731
1812
18079
13342
24432
22909
12542
27762
31580
13623
5263
19906
25253
20471
31681
30224
17232
18296
22009
32124
25103
26232
14472
871
716
15107
11226
5847
16262
25075
22767
32285
16732
11192
11023
8630
4071
32341
14778
7792
27341
6315
3807
17101
24979
6906
7502
31660
7603
30885
31598
29734
4847
14133
13875
27831
2532
7841
20555
3486
14562
16077
16792
14470
24315
28240
2787
7525
5466
9850
12751
5797
19159
24726
14603
4226
7624
22636
26828
32691
2073
22538
31611
11084
4511
28868
682
19939
31913
17786
6221
20977
8408
18969
12327
11644
26673
7268
7554
8435
8817
23029
8483
23898
8864
6014
4989
21926
23273
23893
32549
16235
27305
19760
16262
1716
21190
21805
30678
14642
17474
5141
30281
11418
15632
21217
22404
25672
26406
14205
32340
31272
28115
5325
13216
3798
15699
31726
668
1284
24737
29374
9536
3101
29068
29598
5369
15911
20237
6774
5022
21742
3544
8954
16549
14943
22321
7212
3735
30770
10753
29986
11457
19148
12841
18186
14637
23395
10774
107
20176
25955
31381
21934
17413
19216
3305
6876
11578
23917
796
27305
30697
23389
19090
16050
12747
27657
15588
23811
20552
6273
17131
16092
3121
2214
11802
21685
9649
1863
15377
19327
9345
4490
30832
14125
26716
30094
28905
18035
7603
17486
28570
25549
27297
6857
12185
26564
26657
1632
16336
16493
15231
2175
2059
12850
25612
32127
9295
5588
4374
27339
2670
14257
5143
30786
11736
15427
17197
6365
5556
11754
24522
9874
6447
6123
21933
30072
13844
21176
26129
8747
13726
25970
4900
8050
5002
8364
24506
18207
23407
22130
14147
29239
28754
21385
4602
23635
29301
32249
10592
22086
14193
15561
20713
3072
2180
3338
18165
25011
6956
26647
4609
11316
30709
24346
15903
18595
17295
4050
3747
22350
7715
22164
30752
7635
3303
24976
30355
21637
8689
2390
5085
25361
22089
4761
12919
20578
19009
15666
28769
27073
24585
17511
13915
25921
25726
13422
18264
858
14915
14637
25648
29652
15123
19012
22421
486
17237
22605
32328
19360
7153
24418
8076
2182
13923
736
10716
9086
28430
5739
10201
11244
18898
14387
390
25115
23776
24693
23991
25311
24013
2628
14279
13944
1254
22921
32138
18106
15044
25161
18818
107
17440
29990
3414
9197
24552
5417
16511
2332
2961
31422
26437
23162
25008
18432
1514
2954
18116
21047
21541
3705
22614
9375
17618
3331
21061
8300
13799
10389
24155
24074
23722
1455
547
13225
16929
9869
7935
1273
25546
22790
14453
16434
19597
15284
29898
11352
14831
7765
3026
27837
8584
16753
6150
24007
10935
14654
32215
12019
28820
30656
23874
24090
8230
16948
16805
30708
18135
5551
977
16858
25892
16131
4704
12496
6553
10722
5193
20930
30717
11078
6577
1806
24778
19215
20228
16195
27872
20718
26181
2344
16761
6275
10914
10497
24672
28866
29260
4877
18526
2715
25221
28499
31221
15066
14843
2719
13393
4940
5460
22727
32380
5923
25098
27698
20689
3739
29561
1691
29363
15838
28214
10003
24703
805
32163
14661
19902
8225
1984
18942
6048
12953
21316
25837
15270
8276
21485
32679
9886
31289
4372
5613
28628
6837
23172
23346
21639
861
16268
9560
1946
15829
31827
29883
10636
17392
20844
15728
31914
13080
31146
21967
10627
20209
12854
11822
10141
5945
2270
13808
7782
29939
25776
4543
21101
17092
31944
1813
29394
13469
12646
16641
23292
25242
31556
21032
7305
31530
25894
6154
25995
24689
17330
25478
5873
13546
8066
2720
8003
6993
1400
18307
28051
11712
12625
2242
4272
28696
18045
5859
22172
16802
2862
13086
64
4598
22960
4962
23903
23836
15352
24473
25801
13042
25983
5165
7377
19917
32593
28107
26624
31843
31328
16999
2571
25321
23583
27520
30979
22392
14668
9637
20172
23989
21261
2360
28368
1457
2623
114
13300
12814
7435
24231
15052
2404
25274
31947
7178
5858
31178
32566
11069
24121
7233
10404
3512
26293
3649
24192
15823
429
23261
16994
20042
20510
21291
1238
531
19347
922
21855
3122
22088
4998
5051
3067
5774
17162
9833
6534
8561
31510
6761
30304
14489
9153
28739
13952
8046
13536
14922
30077
19328
13527
28706
27646
29733
6575
7040
31089
17764
16489
16945
30208
14865
28306
12638
24768
24890
4632
3598
15916
4802
13148
20204
15059
22348
19848
843
26189
1882
291
2919
6771
26038
21731
9709
25296
14610
30914
30398
30802
10475
16211
27376
9541
25011
16727
7702
9602
17454
24460
9410
22244
9245
5829
24648
19964
23066
23103
16324
8966
11459
26675
4702
2843
21786
19624
20172
4520
8748
1675
29721
1566
32753
769
26533
29163
25972
25340
29806
10922
28211
16141
20365
21654
8905
23929
17924
26949
13514
3726
30646
5779
12783
9015
17335
2524
29299
12751
18886
31598
18108
7475
9496
3645
10302
4635
17496
22489
29085
28330
747
9374
25105
18499
26488
19498
28687
927
11176
10773
12070
13084
28970
3804
19751
12120
18427
15645
27272
7679
27108
18186
21002
23265
20292
24600
21402
30536
271
30455
18037
17288
19479
11207
30352
5847
14730
30345
311
18783
28860
4563
25844
5266
26151
32200
18610
19902
31665
12104
15906
12001
30253
16228
862
8638
27683
12053
1997
16688
4564
4909
14406
1215
1657
15501
22136
19057
1740
12441
24457
13026
10441
1513
17917
919
1206
31041
730
912
28513
20164
16905
1564
10665
21348
11776
6130
10559
4765
7838
636
24238
5219
12118
6518
7321
14169
144
1720
1092
31555
10316
2128
6999
20414
5641
21716
28382
15151
28133
6647
26515
28153
7941
18777
13152
5619
14647
10148
26656
1561
17878
20948
17318
1665
10223
11478
11520
24721
18337
29525
23292
31600
3274
21969
17388
7354
27872
24817
15015
8568
4124
7706
23760
17231
20958
8768
13915
15863
8269
32508
15948
26863
32573
18911
4290
6511
12887
11783
2613
24735
21107
15343
10236
31238
21065
27531
21010
32325
13897
1173
29209
11781
967
24866
31647
26926
11099
15992
18849
9817
29320
4131
30029
32393
8347
2374
2572
8469
29398
20528
15040
17385
7118
4143
31818
25583
21010
23977
10576
27079
12813
8296
4925
1726
30510
30774
9353
24062
20550
20394
30778
19970
21297
4417
2731
28237
21432
12976
26508
5468
8630
2681
31018
31449
29306
9149
23792
18961
31085
1105
24878
14504
29684
6420
4122
30091
11416
15487
27669
1063
14693
2941
16687
22489
31119
31869
12268
17317
5724
27846
21833
4650
2877
6155
13306
22997
31038
11840
17142
24918
18849
31660
17717
10320
25542
22334
20152
26709
31311
19236
6859
8721
13185
11162
6023
2757
12524
4096
19098
28152
14926
25136
29515
22377
4021
30734
3512
6471
9956
27489
7010
676
22520
9185
21740
23080
15691
18320
10528
28930
19097
1358
11571
25124
24417
28072
25162
20912
22670
19954
29756
16557
25943
16789
21914
18687
9060
28073
23789
21910
17970
6855
18238
10981
19896
8472
17372
21398
4171
23218
27993
17788
7103
4133
21462
21193
12751
4944
31872
15233
25534
31866
31323
29486
4415
15774
1087
28374
20115
5
11296
3882
30193
26
7058
31488
26666
23419
31115
32259
16525
1356
23915
16297
8
21712
29499
26214
29585
25146
13618
31520
22980
9664
24190
8418
3022
3314
31553
29908
11657
31306
14809
10859
10472
25348
24932
14301
30870
32559
4483
9944
1498
16389
12127
23923
7614
120
9194
29541
16752
9229
20328
26484
21992
6125
22061
18737
30411
27194
10920
10979
28816
27551
30880
28609
9697
3883
21950
19044
25668
31839
23372
32635
27642
1925
3388
16577
12071
1092
12908
13356
3124
9842
552
31591
1906
25897
19185
20355
18432
5149
30332
1258
23534
10028
3838
2964
1954
21559
10663
16253
9339
1841
23148
7510
21173
23669
5386
12154
653
5469
8008
18213
6309
15120
30844
21984
12713
25499
23120
31552
18739
19780
14022
6864
18412
17434
22394
3660
15605
1489
552
18448
18053
6093
18029
31183
28115
17277
22738
5000
31286
11498
7942
11958
32650
14224
20843
14792
11223
11628
21972
30672
6189
23638
14222
10367
8402
7569
24733
27729
2208
31649
30791
14597
27560
27228
2775
29264
17691
17732
24219
31442
3179
2068
6703
20809
11693
30105
8189
3589
24898
8387
17157
21660
9910
3068
14554
3550
26344
21176
27885
32267
363
4430
6414
2884
18733
32518
18224
18496
13398
28275
8301
5952
17267
10243
11594
31045
25556
21204
27451
23936
20786
24521
23402
1290
14998
10974
28340
20181
11893
18104
29428
32739
4640
9857
25989
23477
10332
6642
20226
8455
27468
20401
3152
16058
15768
20958
10463
21778
14024
12520
11820
22305
3825
20646
3211
24707
28052
2979
291
4940
8131
8377
7482
4671
31109
7905
21171
27457
26236
17225
10708
1549
28101
32167
1101
27432
11552
3790
4470
30488
3921
30078
22489
19921
16838
7553
30704
8816
11641
1267
3120
10027
30488
19426
19014
14728
19044
25111
18848
7886
29911
18226
4911
25785
5001
4349
24171
14962
22612
11258
8088
21950
10806
2622
19272
14454
9464
13442
29474
27191
15373
29048
8161
31322
1213
30555
3232
24103
27523
23498
10068
32581
22707
13782
31386
3701
2143
9818
25779
28289
6524
14987
16332
19310
6209
23759
24451
12793
2000
18387
1960
15170
12056
12247
16448
8386
11514
5709
10960
19586
6058
31651
15576
14735
11097
25437
925
14505
19473
24166
21803
27963
24288
4008
4763
5776
15928
24282
24466
31043
19862
19865
29450
31991
28770
8891
25941
21065
26646
24544
8030
13571
23971
13641
20275
7826
6673
26606
1472
31931
12901
24010
25053
16521
10951
17530
27788
22922
21732
1542
2683
28987
28050
32767
9937
31424
15794
12490
31527
27352
16987
20283
6355
11281
8245
102
5997
9016
26146
8113
3212
22548
25380
19758
12497
5716
4987
13864
22055
6853
26893
19452
4936
8392
29451
23850
18564
25604
10450
17580
25022
27224
23567
9095
31159
10771
5671
22687
17039
24680
25814
10959
22408
11292
23062
22841
23566
16514
17218
1499
3060
17577
23419
11876
8449
13012
32075
10053
12715
19498
6024
19722
27938
29871
27003
24555
22672
2931
19010
15774
29087
4874
32627
28016
23101
15931
26370
12948
29084
13564
30821
6331
32380
9631
24821
12005
20140
30278
16280
25718
28622
10908
17309
15500
25948
20935
13031
19344
32744
4248
6990
13067
14760
7173
13122
4027
15409
14298
11697
3559
29571
3499
1323
6127
21062
28685
581
21287
11091
24070
315
24293
17526
23233
15065
2521
1650
28038
5275
29085
28230
24042
15379
16525
9135
67
4491
32217
22766
9823
9708
9177
22475
2166
20446
28832
24538
14940
7217
9427
14845
251
7548
9404
9514
7169
24323
12186
111
22486
32478
8507
22067
31697
13144
29133
11454
26795
16278
26610
16380
31540
7033
12562
2173
1860
21188
21493
13249
32501
24450
12689
29107
6671
930
2080
15219
4548
26085
11382
30552
17566
30202
28050
7734
22197
23527
22131
17884
8741
30378
16941
13537
3007
11808
30267
25505
4095
7207
14103
3714
7230
20735
2824
15740
2089
14071
7995
25816
17266
22853
790
823
3014
4661
11721
24791
16126
25734
550
21522
7577
1040
17586
12071
4458
20907
14332
15165
19598
20045
21293
25765
21665
18802
18145
31840
20017
20161
17461
13025
7283
5868
14881
12307
10549
32728
32009
27806
26900
20478
3214
12391
28655
18705
27562
23125
10652
19936
16124
21851
2777
8063
9568
24243
20101
30113
32451
359
4880
30281
5430
27414
27696
20642
23616
32245
15573
32554
14969
17428
28000
29974
4436
10211
21007
15091
30525
5620
21948
16009
22500
27650
15560
23044
28376
22835
5202
22102
20567
5018
8620
27863
29797
1792
26127
3118
30747
24804
2701
25717
2370
7616
18504
32408
12320
31630
8418
25342
27538
30091
31540
4972
21339
11579
30787
23590
13500
25773
5231
16471
23877
28160
26862
1458
2026
13350
8569
9050
8281
16616
31301
6143
20619
25642
23093
27466
3225
24689
23886
24188
4306
16546
25451
4178
1546
15117
30514
6187
16436
17833
8518
23660
19252
16289
31678
10276
14830
21520
6615
17388
27555
31241
6117
5650
15229
13787
26512
3574
20072
32659
11324
24243
29476
29378
15305
19714
18584
11136
6013
5212
7786
29872
28990
10079
17356
11142
4357
20339
14489
31815
11919
28589
29856
23632
4950
28404
14656
25946
6335
3426
8501
30204
22165
10476
25265
15217
5558
13638
30638
2204
23308
27393
8323
7753
7871
29175
29878
18614
937
2792
30226
30290
8971
31845
23033
11204
16510
18157
31995
31023
31276
25687
13479
21685
18751
5743
29600
32314
26266
2276
29684
20586
26567
19042
23466
8957
10289
24827
3994
8761
21140
32203
10370
16313
7857
5084
15957
8302
5958
22087
32214
11235
31805
24988
15462
8389
5412
5252
32282
21154
2013
23461
8721
29937
1943
29894
10501
5971
28669
27956
18975
14104
8364
24420
18960
2565
11499
13273
18525
26196
13206
26952
30458
27645
29532
10235
28699
21300
28459
9331
7751
1075
14055
5457
27310
23609
10338
16503
9660
17363
15497
25450
24046
31322
13531
31482
6373
15037
15648
11814
8889
7552
21847
24634
26511
23557
6128
11834
2926
22795
12347
23427
13390
4724
5409
29104
14962
24651
23570
6075
13048
9477
14398
25700
2223
21255
31240
12247
5928
27497
8887
10377
31760
23034
24687
12131
4796
21124
1633
16162
19974
4945
21822
25342
25688
12525
10225
137
518
20270
22669
30939
30177
27506
29060
25836
3081
7208
32539
28993
2818
27026
5402
7371
1802
9160
23752
24332
32682
23041
16150
31099
31628
22286
32539
30762
5772
18215
22720
9638
13841
27370
30653
30238
22430
31649
23236
11720
11684
9412
30459
18049
32411
14015
12208
22708
31312
30452
30281
2940
31105
12548
9849
20493
23463
27978
29370
27728
30483
28841
29943
6349
20284
27016
14216
13774
1368
28186
19044
23489
14121
12259
14482
19167
16410
2168
29153
32267
4234
17286
31961
25853
3944
18965
1265
2463
14848
4878
6403
9399
30228
31995
11772
26055
18991
29967
14808
29233
28726
3942
31438
24479
30272
29837
16071
11682
24999
18501
16149
666
2144
28036
25698
12245
5255
19389
1766
16635
26174
31073
32478
6825
18360
28582
6457
27740
10129
11143
17556
31121
19809
24588
2664
32298
15504
7627
10370
12820
14700
5039
24244
12327
9336
19704
17611
17485
8199
4227
15552
25831
13322
17740
21811
23404
25639
49
12308
24659
27659
7929
16804
11828
5632
5268
31644
20522
24514
19108
14507
12155
24974
15421
31782
9339
11133
11753
23036
3757
3344
9968
6888
14380
31500
4054
28906
2121
1928
6692
20471
18806
8260
21868
16112
1635
1852
5511
13521
16998
14717
3617
22059
4384
14392
18296
9940
20830
26645
20576
988
3901
31433
20875
31172
20882
5867
26119
19179
22152
12803
23816
14921
907
20709
18664
28255
3173
8765
32620
110
5543
10090
28489
3048
22091
24464
28390
21028
31895
10472
26724
18005
23109
19547
1756
5565
7136
26448
18663
30
3953
10178
7268
5234
15963
3733
26485
9691
24196
11306
8907
3293
24245
2865
26916
2251
4676
15806
8209
21887
16368
16543
7677
18766
6156
10478
29035
3900
21984
20450
11647
20843
4172
28906
24512
26586
32174
28157
4892
24396
12038
11819
1069
27781
1624
19065
27322
8124
27730
31979
31873
27726
2351
1506
3379
22704
1243
31656
28609
27303
4696
14410
31958
9147
19040
22950
25252
8681
6476
1988
8676
14488
17460
30058
23576
5582
18776
20202
22292
18340
8126
2879
22972
13815
6685
21336
17935
25697
28922
29620
5221
4199
14353
3119
5108
32756
17142
29212
5273
5127
15612
30867
24022
29608
30806
4876
5911
25376
14460
1581
1337
7017
31697
6881
16716
13796
2178
1962
19608
74
16561
1080
9695
19685
467
15162
17378
4864
4950
3700
6438
29596
26759
24850
1272
30308
14772
23612
21935
4835
14477
25066
16433
23029
25552
8698
28857
21371
15910
1408
6359
25683
27720
25693
7864
20616
32357
14611
20903
11717
26824
18135
18388
23056
28598
26088
18772
19124
2709
27168
27754
18303
596
22472
18181
26158
20230
23217
22921
23078
30928
13184
5842
27749
6
3914
11639
12215
4241
32097
30283
17709
1172
30573
11306
17611
31311
12222
20722
7809
323
6624
25551
1885
8854
24944
19644
18174
18618
17199
8518
31052
19018
31829
9875
6246
7220
17448
13476
25308
28445
972
24279
29215
15361
16477
1456
5429
1050
27451
13784
17329
18436
3237
30822
15587
31262
31882
30814
10060
28723
7579
8567
17492
6234
20133
7202
3136
29978
1566
19143
18014
9426
19454
11346
29058
30808
1488
18414
4278
23777
18696
1552
12334
7457
10135
6840
13946
15795
10941
25844
22015
30906
28702
26533
12968
7369
7449
16261
4057
21248
7253
14953
6821
4216
22940
29636
9280
14050
28653
6765
24759
10346
32204
17314
32222
21218
5085
28492
9866
30236
29105
8580
17921
10647
1248
13655
8111
25950
24152
19654
3867
4654
4596
529
1049
25815
13393
15926
3904
2276
27357
22708
4766
24190
16944
25748
27307
20366
16032
20138
9084
34
23311
12569
3641
24082
27144
21
19153
21475
3339
29677
6636
8939
13860
21576
2850
10422
26562
2222
23402
5033
9927
4683
6101
19173
21212
21232
22652
3439
22791
17755
10166
3213
29823
2744
27023
1395
29119
29032
22390
7710
10201
22784
25654
2433
7181
6037
7208
14047
922
17463
21926
4216
6100
2747
17858
3431
28791
27838
19768
6859
22587
5094
4514
8229
20392
6507
14059
8961
12844
26326
19718
19929
12651
5129
17888
24118
6870
26240
1939
15896
7039
21974
28380
19608
30251
14731
21967
6604
24489
1028
29385
6635
30051
11987
9127
5041
563
15417
31029
19973
1400
29161
5865
16602
12392
12559
15058
19795
19880
3985
459
16682
18202
5781
15348
10578
15862
19011
25955
14299
26908
24268
5910
16663
11688
16043
1068
5115
9671
17963
22357
12743
2506
22569
1160
10474
12153
12315
25332
5919
5034
5457
9016
5853
8722
21371
30166
7150
12122
7276
30181
861
22901
14109
11271
23190
16946
8181
15771
8649
22541
32327
7220
3471
8523
4893
18761
3024
15686
1332
558
4068
4101
11847
26690
27128
19471
19856
31083
11700
20097
17293
27839
27675
351
15104
18308
17586
14376
25401
15963
4580
15021
8087
14008
13477
29218
20557
31893
17238
27766
6242
104
8168
10720
17660
12626
14661
26811
14813
18329
31723
25491
1838
4952
13786
13696
3195
9077
29105
22706
19712
22740
3348
29518
22819
14794
3664
26233
28993
6613
32066
21425
17837
27018
17269
3172
30710
17102
22410
8123
16745
1353
14301
31415
25303
5912
30821
20096
16793
7618
26588
12538
21968
17262
4128
11160
19953
23635
5594
11381
2946
111
15197
3489
23838
28028
2769
9912
6591
17696
27536
7354
317
31588
9936
25622
1553
2407
8067
10504
25695
14420
16763
4645
10804
6289
27602
4405
5388
31033
23177
13888
26775
29645
21359
14572
8892
24614
6724
11270
12511
17582
28703
3934
2655
5840
8717
13272
21603
24493
27387
9664
29399
6417
11478
4446
10929
22181
17648
21962
14713
3942
32678
14850
1544
6997
28480
30778
20112
14704
10776
4979
30684
12770
13311
11087
25049
26743
5852
16932
25942
29522
28310
10575
24328
2530
27700
1995
27601
24594
5187
12034
14913
16832
15480
12770
5470
625
3223
29236
3232
5443
1683
6185
23872
24867
23031
10294
179
9535
1668
11042
1137
446
4636
7262
3834
30895
21983
4756
13851
31552
9875
22146
2669
22321
23625
23561
31776
6280
32061
20865
31990
13189
4095
14672
914
2776
22736
16827
21491
9746
1615
20220
12604
11354
4437
27540
23734
30561
21533
4834
1559
21144
7336
2549
4357
15008
15967
15007
21462
12545
26363
17610
13210
30752
15010
14863
16731
19307
31570
14213
15523
26583
16259
20951
7999
30860
31752
1946
5699
15326
25911
11741
3150
29824
27465
2817
10511
31476
22020
5067
27144
838
17303
32439
14482
27386
3781
8591
8482
9027
24645
19773
4042
2934
28521
7134
13827
20413
13823
25879
32169
8208
7029
19628
11591
21345
23360
8014
8597
19223
10877
29109
16447
10942
24793
13807
2024
14333
10415
15096
24943
30408
31345
19082
5745
21974
26441
22838
4367
32598
30464
31924
18673
8670
7454
7288
394
17828
2387
4229
15774
496
22293
8838
3074
9937
24715
9499
4516
12048
14506
5489
29899
3682
4254
31509
3487
12257
3179
31242
32747
14525
19156
19225
8738
25391
9340
3688
21920
1455
26187
11342
13363
6759
2835
14438
14042
23271
14451
2786
14796
17434
764
1058
444
5753
15763
11910
9820
9854
22550
12928
1568
4444
4419
20717
10052
10733
32725
22437
10768
12780
14063
17488
12379
13156
2494
2428
24142
3688
12891
10733
22634
3845
24558
7732
25292
8053
28697
14468
1456
27285
22420
31424
23349
666
32276
4824
27232
24575
4466
29014
13154
19649
5129
11828
20766
4047
10848
12273
21478
27836
27657
18660
14725
19384
15304
16079
9859
7614
27384
28855
17572
20751
11307
3827
27314
27102
6417
6532
29052
4941
20379
6308
23071
15512
27231
17313
10628
5776
22591
2540
7466
1356
22341
12909
7462
23067
5842
1306
3944
27068
17656
13000
28735
21202
2852
28481
21536
2194
15872
29078
13987
30143
17559
20151
15054
19416
31419
25152
16534
21136
4771
14742
29603
19326
14809
13619
14164
15894
1364
21566
5123
16344
26848
24159
2442
3271
15815
24529
27397
1053
7338
11193
10202
23869
3760
22710
9719
10473
23011
27577
4443
29365
27862
9495
17624
5819
11659
9180
12311
8081
12181
21347
24284
16504
5498
22307
1419
16342
8539
26828
14060
26087
14551
23699
10027
17327
24620
16329
8227
26163
28831
17843
2779
18920
3615
30358
12881
8812
8229
21777
9079
19060
20958
28079
20092
28678
23948
1213
19788
20712
10026
22105
29530
7000
27214
7372
2717
18173
32596
20762
25048
31262
31673
22999
4127
20242
12741
7227
4503
3575
21357
9081
8573
11943
15479
21069
30058
14056
10207
21204
15829
18659
21626
14497
4057
30168
23769
2317
7224
10511
18032
7630
22433
16146
3063
5580
30766
7449
10001
18480
27697
23750
23852
28093
11824
24594
21416
29795
6702
24968
12091
12561
10284
21681
17044
25548
12272
10959
4158
16894
6661
20429
9160
31504
8707
29559
1571
27450
3601
29415
20811
28826
32679
30271
10025
5764
16793
5790
4025
2842
14161
8268
616
4892
20827
17720
7872
28673
11048
21413
22598
27718
13835
17696
6563
518
5512
14773
8963
20427
4302
13154
10171
20388
15746
9676
28462
1143
18366
11825
31985
4505
31578
1950
1069
28828
29290
3938
10821
14696
3335
28098
23737
12429
5715
14062
15947
4056
15031
6196
28512
15653
13167
25972
13736
25459
19273
6868
18177
8766
8361
9908
15257
18185
18641
4069
27475
17722
14431
19477
14957
24618
5399
23182
6495
15229
21731
30497
15366
17839
19992
31068
19457
12528
7419
13316
6748
28210
644
26815
5227
24192
8290
9232
32761
11921
13886
5512
17059
4253
17476
14395
14462
18543
14048
24434
24064
15804
32709
31647
20765
2227
16436
11158
28080
11477
26747
28153
2333
30215
28860
1780
4404
11237
3823
28203
4697
3930
3626
22769
26850
22125
11040
13499
8641
6750
6633
9684
20067
27634
6401
24146
20440
523
13714
24904
23859
13947
9462
1597
18740
17690
22391
20701
19236
279
10330
28911
20225
29835
20253
32391
4315
7764
30204
18045
1918
16928
6586
15133
25169
32456
5789
23840
7806
7904
1723
12508
30547
22412
21876
5047
13801
27028
11328
1505
9219
22715
7339
15427
9784
11597
11165
3762
16725
29688
8671
5737
3837
28636
17883
4278
26002
13029
25251
23027
14169
4185
16437
5304
27864
7597
28926
20815
16003
13725
6300
18792
20888
12668
4072
1038
7240
19656
2612
30170
21783
26369
8145
29031
29061
6075
25045
31749
30702
18675
23322
23218
10415
19359
8842
27462
17034
6792
25242
7661
26188
16220
31253
8922
23980
3583
6683
8250
18807
10787
1385
1127
31466
2840
21723
18527
31839
29157
25902
13940
3373
1431
21003
2373
5321
2521
8769
30444
20785
25541
2387
31865
17546
24826
25138
32160
9735
29935
18251
3246
23054
24711
27588
28353
13718
30693
6659
12345
4308
31361
31601
23914
27926
12667
3453
13203
12783
18480
26595
24084
17812
4876
14382
5083
1158
14495
5755
10528
23665
28914
6017
26962
3668
20251
16334
19793
23523
18703
15443
25053
9258
29112
1059
29263
13170
6471
18296
19334
19048
18380
20471
11045
8316
17923
13877
12028
25992
10353
4217
22723
1714
4272
32452
31246
14995
6408
14350
7293
6297
7743
31955
14899
16297
23473
4814
23178
20489
3491
11781
26373
15486
3540
27397
19591
14001
7765
15983
15554
15063
22171
32179
9201
32401
26323
25884
9930
18193
9589
16141
15534
27263
6940
4234
14884
155
149
28409
24453
1699
25397
25386
16377
31351
25456
32150
5281
12539
16808
32740
20502
27581
11587
16306
1555
29144
2560
9873
31598
12312
8075
29521
29261
9310
26447
8320
1686
6214
27787
5165
11943
28424
29352
31985
13384
2716
21962
49
14813
3106
22949
7581
8161
29568
23186
27644
24207
25165
5345
4908
10210
1518
30321
10084
26048
27902
11903
18877
26738
19444
28604
12785
22872
29951
6306
1378
17883
1845
13831
8030
22178
6381
5107
11937
1801
24937
20655
19483
28879
9657
9758
28404
14
27867
23888
25038
9073
16167
8277
7498
19617
29931
7759
11213
21760
22610
13771
31364
6810
7818
6482
15269
26969
31781
8762
15864
1144
22720
17858
23959
25657
26083
24671
29170
31707
7465
19280
23829
7110
27041
28792
8238
17418
115
20589
6473
31495
11463
11981
20063
31853
4834
22737
27023
21608
11922
14884
19115
15124
4301
13301
20982
17463
8341
27211
18476
14127
25374
31640
1987
9001
3891
22162
19313
916
28630
8766
17902
2262
23079
27725
26363
22845
14983
4524
29091
24120
31996
5463
18369
29127
21719
22894
3778
48
10133
28298
4524
29172
7940
27985
1119
29185
9895
3656
3100
25641
22618
29673
12611
8147
7225
23286
7777
17136
32703
9484
20585
12593
2091
29051
7234
4983
1064
14421
11650
27532
8364
7109
25210
4112
17697
25506
10610
9398
31427
22340
17205
25264
25417
27031
3793
17767
711
27501
17048
28528
24787
14361
13930
23483
17639
4153
9015
12046
4614
5843
31679
15794
1442
9380
17052
6509
23998
26036
387
15280
10832
29998
17863
8208
19945
27503
17950
25338
29079
4701
5544
14499
28683
13306
2093
20543
31735
14137
11175
30579
1466
32528
31488
4620
9279
16334
11804
14833
1314
16047
19226
6998
10261
12205
23767
24883
27011
9626
29364
17909
8307
18540
19866
7283
21422
17880
24123
25891
18980
12322
30874
17294
31372
16179
24781
26625
7755
10220
5377
16774
27543
32186
30912
3090
15068
21098
17775
3840
7006
2111
25627
8126
6945
2626
5237
15559
17926
24282
1306
21713
8246
18588
16664
3655
8131
26980
5806
8953
27021
7077
23380
9235
21859
30205
12539
14923
32107
11533
12438
13919
23748
18311
7641
1471
16745
22664
2113
24454
5465
13353
32084
15791
17141
21073
12330
30342
14505
21453
14892
2652
20430
23970
22812
31103
6863
16033
20054
13930
24203
4925
17237
2104
15099
23450
22392
29023
18197
14310
15110
28314
9200
16108
31601
8743
19240
8934
25815
16179
7300
6291
7374
18835
28374
13450
23137
32180
10275
13006
24406
29909
8452
23714
5811
22899
22348
159
31872
16389
13291
12547
13005
30698
26643
15436
26615
26784
9625
5126
29224
20278
13981
5601
17437
28676
14445
27398
7980
4249
32167
29099
9861
19957
23454
25829
14264
8953
26367
14014
11383
13083
25525
20616
27037
11614
27657
11633
24432
23426
4878
855
24355
12663
1596
28125
27040
28952
29275
20414
23428
13846
12195
24161
6762
32306
31009
2990
10092
432
13148
16929
15079
28680
1593
10012
19839
25822
19996
22402
12899
10548
10320
21121
9938
5343
7849
1711
31455
9271
13927
13657
14193
5651
26206
8215
25997
9717
14420
13476
23256
13953
6571
10989
12119
52
8000
18792
16506
6226
16530
17319
25945
25632
20007
26413
14397
19540
10027
2688
6498
17610
29275
29312
20219
31864
24097
8694
26231
18852
11264
18288
15107
9812
2867
15693
17744
20743
1681
20500
6294
26018
2484
16138
12505
685
16730
11011
30315
20159
23307
26488
6834
29239
26621
25050
12843
22829
26420
4902
12207
20905
15085
12218
9461
23058
3389
2407
27737
13289
26614
22471
8155
3767
970
23248
363
24387
4787
2986
14436
14089
2450
20414
2134
12264
11542
25104
25864
16411
26079
26318
1981
2666
8163
23849
27063
32417
14609
25443
18426
24130
17205
297
5202
31095
7452
27684
30615
14410
9976
31435
18736
17432
5637
14715
8150
25923
11117
21961
24474
26920
21098
21527
26922
9297
27050
17253
20048
25835
15351
25450
12219
27002
27671
28899
10242
12235
22513
3116
26598
12330
14066
28173
26584
22742
30639
24278
21179
23986
8396
9134
3562
12349
14620
22056
637
13252
31497
23063
3016
471
22327
26020
12069
21241
2660
20381
244
24475
19091
6160
23263
19788
20329
24345
18275
31786
14807
15864
18059
18588
7929
13926
20479
5443
14910
11306
13886
12589
2762
7399
20264
28236
24600
2616
1471
31783
6628
18942
14638
23248
8008
12537
3339
31254
20773
19350
3801
22779
31684
6408
21713
14697
3005
31898
31202
15392
2584
22852
6902
30963
9139
2940
14711
26420
16355
13646
10001
10861
27230
4271
24250
5968
5209
15375
28400
1265
28909
13613
22850
15923
28863
30255
2834
10112
8416
26866
21401
27838
28914
9375
31532
19326
9357
10623
24509
19830
29665
3856
15012
1841
8092
22616
29600
12037
31758
25209
9496
8262
14218
8582
13735
7865
24592
8085
10968
28235
27690
29205
6446
4867
19220
6498
21864
19766
16415
32407
19202
9722
3415
932
7167
8156
12644
22944
28134
24534
15534
4448
2059
25211
453
6728
9999
4469
9471
9057
10666
19761
20323
4780
31400
16089
2245
1718
23602
1667
32051
5741
30799
6568
12688
17202
23211
26071
27519
20783
14230
2986
20611
31211
9295
17914
100
11547
9347
20815
11988
21436
12561
26522
82
18782
7184
9255
11855
32707
30227
25549
13967
168
22699
30056
6611
16867
14894
11913
28085
32686
11959
14443
17875
4419
14958
10537
14383
27561
6410
15663
214
18125
7828
17646
2240
6356
5485
6869
21496
23472
15762
13692
6908
20721
20767
10786
4967
14302
12818
13145
11213
10693
9554
4096
16103
4239
16112
20082
496
27543
25516
22525
12878
22205
955
20630
18037
1974
29383
7882
9737
13734
312
12280
11586
7920
15026
19646
32661
8524
28126
4529
28049
6171
24942
24657
29191
29944
23131
23612
2669
18064
22385
18593
28292
8627
9742
23032
27449
8363
13351
20464
25801
27852
17291
27561
17449
1612
25196
5668
21413
15957
19739
19192
20167
5977
7443
6982
10618
32678
26937
23790
21103
6714
15202
23043
29888
2520
32534
5245
31956
29275
19860
29230
25730
9291
15125
25848
2681
9902
2389
25404
6367
4896
25424
17557
16184
30758
1609
22215
17290
13760
31761
16114
11966
2109
19078
31500
6218
13651
15450
6029
21773
3951
10006
28012
3450
17226
21086
31819
32505
9149
25718
13551
27786
26582
30725
18418
684
3883
16153
19644
12925
24686
22380
21679
18466
13890
13286
16034
16489
3661
16226
24209
8621
3727
7349
19858
23547
29938
10220
30219
29810
9506
7382
12323
32752
18590
1731
630
12523
13584
23946
23309
31900
3290
29649
21645
7011
19953
6792
23470
26727
17134
7607
18671
25725
2658
32378
17033
24651
10346
3657
31393
4525
22148
20349
7617
6231
1441
16144
1417
13756
18044
27557
930
15407
3113
32200
22772
31048
31985
5494
11545
8074
17757
8416
6673
29506
8593
4204
8247
16050
4315
3069
5747
20847
26508
3444
27314
3848
13063
1143
18067
20712
9239
26481
27747
8062
29574
21977
24652
1691
29931
12216
12745
2331
19395
18021
31069
30663
30403
2707
24197
12154
9581
23438
14827
643
3042
23490
10204
20811
10487
28285
7932
5688
12938
17142
24377
26832
7191
4237
19709
15394
27526
26708
3240
23649
20551
16335
29245
28627
12449
6392
6491
32489
8519
27526
14704
18352
31533
13167
2601
24680
921
18604
19501
28017
23165
25660
18954
28271
8964
30315
25967
26278
6763
12884
1181
25766
4370
29349
29720
11565
31187
23458
4258
3401
914
24173
19817
6077
28949
388
27264
20902
8982
4747
28556
4702
2199
9548
16064
6817
26998
1020
21515
9966
16193
29887
1167
304
4171
30831
21078
21918
256
26265
10304
20192
3957
2761
4672
15731
11588
9992
17864
20046
11158
32674
3714
5318
11649
21549
29505
27567
5269
27078
10039
29124
7089
2718
7016
9545
5147
7862
17502
25326
30928
16870
26655
19447
19481
31524
2140
22426
29535
30979
15595
5032
1344
30586
4728
22640
15843
13031
16759
29665
3464
3155
20828
4078
30051
17144
31759
22583
9898
26368
26010
8933
6125
27024
31781
8405
1190
28165
5157
22778
2833
16510
5328
29436
23613
5530
18644
5413
12899
30595
10056
22910
376
1067
10467
7733
5630
24789
32108
13634
5663
1752
13681
14154
6396
19871
13372
32196
18499
22005
32259
2138
16383
14975
13919
20882
8373
10634
25343
22189
1964
19464
18078
22224
24972
7636
26674
3425
19243
6974
6759
27572
29859
26563
5963
5607
15016
21020
1099
9994
27160
22907
29278
131
25044
6161
11904
10417
1743
14035
30306
31952
15972
20094
25952
14877
25325
23000
11699
8762
26257
7481
29160
16083
6237
10059
21136
2178
16278
20238
1082
29936
334
21279
414
12350
17462
32313
11803
1443
1715
29948
31844
15190
23348
4333
28022
26030
32450
27839
31693
30087
15833
1489
18135
1513
7030
5879
4777
11492
28273
4221
28657
21438
26893
20841
8235
23121
16078
1537
2584
2478
23690
20365
21100
6662
26307
6494
27847
20427
29236
16143
14567
29714
10922
26635
28
11324
23573
15439
26364
29909
4575
22130
10071
17340
16508
5858
9838
5508
11587
15472
15199
27163
2172
26127
14820
29865
28090
25048
5437
699
15979
27986
12139
24225
2733
19185
10399
12564
31843
20700
17138
9757
30856
21747
11862
22834
27332
6673
20685
19617
28477
8846
24281
28722
20144
3081
22579
31495
192
22628
15551
7368
10382
18447
3520
18941
16265
10634
28489
10171
25224
16933
32244
23171
29974
13323
11477
15463
3852
1406
16305
15982
26726
11620
13676
31034
14159
18691
14017
12520
13438
24329
23862
20536
14789
21455
26190
7918
12007
29406
9984
14200
14507
12723
21352
32720
24110
4031
28349
10660
6269
14258
30595
32181
99
17913
9217
30333
3712
22661
17142
28180
8603
19407
5256
25428
16186
18713
12157
6716
17007
2550
18093
7058
27892
29964
25271
22476
3706
30745
25588
28977
13887
17204
24745
28988
8927
18774
13185
27969
25708
10776
20026
24146
25792
26814
9374
12388
18962
5237
17333
19630
26568
17881
26937
9042
12684
5562
12106
30783
25762
28960
8291
30550
23417
28300
18317
21452
16256
2177
4306
30415
3386
24899
3573
364
7829
29663
29536
9648
12152
22123
24926
6925
4251
29071
19850
12800
31899
20805
8328
19185
17230
29404
23538
13403
16212
13379
23701
13356
18926
18564
3294
16495
8467
21903
7055
11048
29633
7993
2742
17791
2194
25476
10976
15905
12943
19489
22154
16100
2120
6451
472
3498
4389
26966
29322
13447
23799
17120
13355
29990
14802
16999
7307
2920
31775
4739
29808
847
3309
4308
6281
9755
12936
17479
9891
17074
18253
2198
2847
21829
21180
4878
676
21041
14543
13461
25617
6179
29578
31979
18102
19840
2772
9008
22723
11524
16005
22439
31232
1449
5824
25273
28351
29130
20099
13629
16144
2440
19580
19958
5683
5229
7711
6237
13907
32335
10485
10401
21617
4983
1591
30957
28830
18435
15515
3049
32365
3721
19566
6275
29096
509
16867
8943
834
26325
16811
9964
17037
18282
17349
14154
18093
12194
28824
13993
5197
19404
21567
3459
2960
28363
23588
365
29258
17271
21200
4505
28273
11584
19969
31904
1230
7189
17149
21374
28664
22404
13607
15838
25475
1314
13008
21401
3957
28205
5199
12153
30713
18544
12628
8002
30040
1639
121
5363
28708
29348
21786
15689
11703
6769
12135
24453
16604
19383
21175
27247
29387
10782
5664
21147
14427
8054
9028
9707
1907
11094
5997
30805
8385
22018
15069
3558
8623
19090

