699
1524
734
2204
7963
6472
5401
4507
1046
9938
6644
4328
3619
9568
9627
6757
5069
4706
7596
5665
566
5869
7108
7276
9358
3925
138
7869
404
4108
4426
4129
764
7942
1797
5445
6210
9296
1958
7462
5278
8688
3048
6454
1321
9310
439
1698
3326
3971
3381
3873
4356
2416
2062
352
9612
3315
5293
1724
8966
3126
3536
256
6600
9369
1946
4624
5969
8529
6007
3492
4251
9168
2117
409
4064
5110
4610
4276
1071
7576
1584
6809
2926
1585
3808
1851
9890
5671
734
9493
2109
8367
3449
6632
5415
9603
6902
6310
4032
3059
5685
1918
965
9946
1876
313
6609
1954
7522
3765
8678
1514
5191
2639
7196
1575
8707
1959
7208
2601
900
4350
2337
2208
4155
1475
6288
4062
2449
271
2678
3167
5574
7181
4755
134
411
94
1971
5146
3777
1787
2235
9553
5553
8268
3573
4747
6797
9370
5992
3490
3062
9904
3180
9488
4864
9815
1244
402
2739
3314
748
8828
6708
1607
7901
2157
1411
1343
6959
3524
7190
5087
1399
8771
6854
2104
561
5923
104
1741
840
1033
4558
1267
1955
1975
3999
109
4178
5126
1989
8216
5338
1410
9333
7108
9020
8982
1397
2693
6637
1786
793
5529
4305
2330
574
6827
6618
1321
2634
775
8224
8470
1091
591
7009
62
9200
3165
6395
2514
7245
6490
4566
4746
5683
3486
5208
6889
5255
4281
9860
7091
4066
97
8195
1165
2097
8317
3989
9620
9309
1602
9257
5121
1197
3227
4939
7676
4555
6607
1070
2926
1157
3918
4811
9595
4437
5659
7128
9935
9635
9441
972
760
5704
895
4946
9525
1335
1189
1485
893
9800
1700
7995
5315
708
3265
3372
9065
600
4250
1556
35
6435
9484
1775
3645
7954
901
1157
3791
7855
3013
3647
3808
854
2378
6617
7737
6568
7100
3399
443
7458
8134
7597
4995
6592
9063
954
3709
9855
6728
5845
9752
1393
9214
1115
8744
3348
8834
5543
6369
4997
4111
7043
4179
2177
4123
7133
1137
6140
906
7822
2198
7621
5856
8631
7882
5882
2182
2893
785
4056
2559
9336
2373
2710
2330
7814
9205
4178
2506
3173
4430
44
7813
8576
6745
4946
826
3369
1141
6763
8967
8328
2551
2072
7706
9075
5471
8440
1222
7119
860
1387
2616
9301
5970
1593
9562
5113
3499
452
1783
7111
5277
6507
7936
4991
539
7489
5071
8531
2478
2445
9147
5053
4821
1811
6107
1543
8106
9731
3518
5349
4199
3712
5658
5957
6392
7620
5908
4507
4259
6930
4416
9526
3990
6268
7032
5751
7056
9046
9026
8771
419
5563
5277
6391
9256
9822
4141
6059
3907
8051
9608
3098
760
3184
5567
8624
8334
3198
6801
4053
6580
6516
508
2762
7266
4038
4693
6881
1952
8074
2746
2114
6316
8555
5463
7291
7496
7233
1702
7288
7075
1761
4298
4131
1897
97
3037
4030
4269
6335
7480
7294
2486
6866
820
9338
4039
129
943
2661
5044
5011
1409
9528
3762
9463
1007
2659
6414
5460
9343
7301
2353
4819
1133
3243
8658
6732
4958
9077
2748
2335
6387
1567
5393
7621
160
8111
2096
2149
2845
8394
1379
3978
2541
5548
732
1925
3022
9495
9809
6832
9968
2811
5029
9555
7929
9016
4553
1818
5032
2544
7331
2102
3464
2464
1182
9331
2296
880
6994
6074
3433
409
4629
1080
8791
3191
7442
4111
3051
7519
105
2891
4368
5170
3704
2824
5702
2754
1720
8834
4851
7845
3194
7676
160
2136
5428
4533
9507
6854
375
7944
4473
6057
3699
8868
7927
1808
189
8091
4144
3010
4959
9934
153
5905
289
2617
6971
7858
7527
9403
8361
8573
522
5625
1123
992
2332
4980
266
4344
1654
2167
9238
3715
8884
6341
2836
6464
4116
6003
3619
504
8954
5170
1121
8417
7240
4224
5761
448
7964
5439
4625
191
5578
8118
809
2159
8556
8870
8166
1840
9095
3216
2503
5550
7408
21
1527
8558
3839
7278
1997
8330
835
7789
5121
745
7557
1300
2064
3203
4257
6997
594
1107
5171
153
4105
6398
7694
6388
3613
2467
5971
1161
2246
9219
6192
1803
4361
9667
2823
5252
6838
7536
6272
665
657
3874
3089
7565
144
4292
9021
6116
5573
6067
6651
5099
2941
8884
265
8631
4903
3995
1633
603
6249
6170
1851
1103
2352
8775
610
7789
6134
1265
7867
6956
1353
7892
691
5107
3001
5674
7337
9590
3986
9988
3452
3621
2443
6890
6486
4214
990
7136
8745
5583
2729
8874
9625
3784
564
9505
1755
1121
7685
2614
683
2432
416
3062
3300
542
2371
334
2908
9586
2609
7969
9550
4749
9244
408
732
5432
4872
1705
7748
9131
1406
828
2754
4928
255
121
6887
4312
2490
9542
1177
3148
8944
1520
4395
4390
5957
5048
206
1328
3337
4208
9463
4813
4248
1525
1539
3799
5743
2159
2393
5417
9040
9319
3103
3294
2263
3529
7184
9258
3054
4426
5500
1608
3151
8347
768
1699
8504
2079
4023
5416
8723
3081
1025
8507
1558
9514
9908
7274
6841
5898
2512
1440
54
1588
4999
2395
7014
5575
7133
7919
617
4505
6732
1227
4374
2191
9755
5885
7956
4715
2688
9970
8135
3605
5380
3361
2320
5742
998
5801
2062
9424
8482
1495
1450
2506
6931
2189
1122
8443
1766
3391
5155
9740
2114
5711
6300
2947
2005
3196
3761
37
384
6791
1597
2204
6982
9734
8108
7066
2433
5772
424
6652
1222
3784
7890
1362
7082
6317
2484
30
2196
3298
916
1115
1348
6907
507
4080
1477
2712
2406
1685
3760
6893
1485
4405
5297
818
7539
1365
461
2795
526
4436
2196
1034
1079
2307
5028
3171
5187
4567
78
6401
8115
8941
1069
1415
921
1997
2676
6346
5277
482
3622
3277
9759
4217
1404
5405
5197
7544
6563
8926
4391
3201
1717
1573
1457
2214
5577
7591
2905
1999
2077
1522
8474
6251
9298
9515
3823
7747
3416
1608
6332
6581
3244
5391
4570
1983
1392
2351
9938
8298
3610
8205
8092

